 憨憨杨新宇 123456 4 10 10 1 
 憨憨杨新宇 123456 5 4 15 1 
 大佬杨新宇 123458 3 20 11 2 
 憨憨薛旭翔 111111 4 1 15 2 
 憨憨薛旭翔 111111 4 2 12 3 
 宋泽阳大憨憨 125125 4 2 13 4 
 宋泽阳大憨憨 125125 4 2 12 1 
 宋泽阳大憨憨 125125 4 3 14 3 
 超憨薛旭翔 052250 4 5 12 1 
 超憨薛旭翔 052250 4 6 15 1 
 大佬薛旭翔 123321 3 29 15 1 
 憨憨王睿笙 456789 3 25 6 6 
 正经电影 987654 3 25 8 8 
 大佬王睿笙 541111 3 28 10 1 
 战神张子镆 666666 4 2 20 6 
 战神张子镆 666666 3 30 12 1 
 战神张子镆 666666 3 31 12 6 
 战神张子镆 666666 3 29 5 6 
 战神张子镆 666666 3 25 15 1 
 憨憨张子镆 555555 3 24 11 3 
 憨憨张子镆 555555 3 27 10 2 
 憨憨张子镆 555555 3 18 20 2 
 憨憨张子镆 555555 3 26 12 3 
 憨憨张子镆 555555 4 1 14 6 
 新憨憨薛旭翔 999999 4 1 14 1 
 新憨憨薛旭翔 999999 3 29 8 4 
 新憨憨薛旭翔 999999 4 2 16 5 
 新憨憨张子镆 777777 3 29 4 4 
 憨憨之王 989898 4 5 20 2 
 憨憨 789897 4 10 15 1 
